Los puntos dibujados son:
(358, 132) (358, 133) (358, 134) (358, 135) (358, 136) 
(358, 137) (358, 138) (358, 139) (358, 140) (358, 141) 
(358, 142) (358, 143) (358, 144) (358, 145) (358, 146) 
(358, 147) (358, 148) (358, 149) (358, 150) (358, 151) 
(358, 152) (358, 153) (358, 154) (358, 155) (358, 156) 
(358, 157) (358, 158) (358, 159) (358, 160) (358, 161) 
(358, 162) (358, 163) (358, 164) (358, 165) (358, 166) 
(358, 167) (358, 168) (358, 169) (358, 170) (358, 171) 
(358, 172) (358, 173) (358, 174) (358, 175) (358, 176) 
(358, 177) (358, 178) (358, 179) (358, 180) (358, 181) 
(358, 182) (358, 183) (358, 184) (358, 185) (358, 186) 
(358, 187) (358, 188) (358, 189) (358, 190) (358, 191) 
(358, 192) (358, 193) (358, 194) (358, 195) (358, 196) 
(358, 197) (358, 198) (358, 199) (358, 200) (358, 201) 
(358, 202) (358, 203) (358, 204) (358, 205) (358, 206) 
(358, 207) (358, 208) (358, 209) (358, 210) (358, 211) 
(358, 212) (358, 213) (358, 214) (358, 215) (358, 216) 
(358, 217) (358, 218) (358, 219) (358, 220) (358, 221) 
(358, 222) (358, 223) (358, 224) (358, 225) (358, 226) 
(358, 227) (358, 228) (358, 229) (358, 230) (358, 231) 
(358, 232) 